      #Energy        TDOS-UP        TDOS-DOWN
     -46.67950       0.00000       0.00000
     -46.50950       0.00000       0.00000
     -46.33850       0.00000       0.00000
     -46.16850       0.00000       0.00000
     -45.99750       0.00000       0.00000
     -45.82750       0.00000       0.00000
     -45.65650       0.00000       0.00000
     -45.48650       0.00000       0.00000
     -45.31650       0.00000       0.00000
     -45.14550       0.00000       0.00000
     -44.97550       0.00000       0.00000
     -44.80450       0.00000       0.00000
     -44.63450      -0.00000       0.00016
     -44.46350      -0.00000       0.05132
     -44.29350      -0.00000      -1.25862
     -44.12250      -0.00001      -7.87328
     -43.95250      -0.02472     -16.63971
     -43.78250       0.64068     -22.15761
     -43.61150       5.16135     -25.55954
     -43.44150       8.98197     -26.97981
     -43.27050       9.39615     -27.00143
     -43.10050      10.89063     -26.99952
     -42.92950      12.52657     -26.99952
     -42.75950      18.66801     -26.99490
     -42.58950      28.76556     -27.11486
     -42.41850      33.14435     -28.29702
     -42.24850      33.00039     -29.68923
     -42.07750      32.99935     -30.01160
     -41.90750      32.99935     -29.99930
     -41.73650      32.99935     -29.99927
     -41.56650      32.99840     -29.97274
     -41.39550      32.99138     -30.62210
     -41.22550      34.21414     -31.64200
     -41.05550      36.99056     -32.41570
     -40.88450      38.77990     -33.95577
     -40.71450      39.01053     -36.18338
     -40.54350      38.99940     -38.15167
     -40.37350      38.99939     -39.00140
     -40.20250      38.99939     -38.99934
     -40.03250      38.99939     -38.99863
     -39.86250      38.99939     -38.99863
     -39.69150      38.99939     -38.99863
     -39.52150      38.99939     -38.99863
     -39.35050      38.99939     -38.99863
     -39.18050      38.99939     -38.99863
     -39.00950      38.99939     -38.99863
     -38.83950      38.99939     -38.99863
     -38.66950      38.99939     -38.99863
     -38.49850      38.99939     -38.99863
     -38.32850      38.99939     -38.99863
     -38.15750      38.99939     -38.99863
     -37.98750      38.99939     -38.99863
     -37.81650      38.99939     -38.99863
     -37.64650      38.99939     -38.99863
     -37.47550      38.99939     -38.99863
     -37.30550      38.99939     -38.99863
     -37.13550      38.99939     -38.99863
     -36.96450      38.99939     -38.99863
     -36.79450      38.99939     -38.99863
     -36.62350      38.99939     -38.99863
     -36.45350      38.99939     -38.99863
     -36.28250      38.99939     -38.99863
     -36.11250      38.99939     -38.99863
     -35.94250      38.99939     -38.99863
     -35.77150      38.99939     -38.99863
     -35.60150      38.99939     -38.99863
     -35.43050      38.99939     -38.99863
     -35.26050      38.99939     -38.99863
     -35.08950      38.99939     -38.99863
     -34.91950      38.99939     -38.99863
     -34.74850      38.99939     -38.99863
     -34.57850      38.99939     -38.99863
     -34.40850      38.99939     -38.99863
     -34.23750      38.99939     -38.99863
     -34.06750      38.99939     -38.99863
     -33.89650      38.99939     -38.99863
     -33.72650      38.99939     -38.99863
     -33.55550      38.99939     -38.99863
     -33.38550      38.99939     -38.99863
     -33.21550      38.99939     -38.99863
     -33.04450      38.99939     -38.99863
     -32.87450      38.99939     -38.99863
     -32.70350      38.99939     -38.99863
     -32.53350      38.99939     -38.99863
     -32.36250      38.99939     -38.99863
     -32.19250      38.99939     -38.99863
     -32.02150      38.99939     -38.99863
     -31.85150      38.99939     -38.99863
     -31.68150      38.99939     -38.99863
     -31.51050      38.99939     -38.99863
     -31.34050      38.99939     -38.99863
     -31.16950      38.99939     -38.99863
     -30.99950      38.99939     -38.99863
     -30.82850      38.99939     -38.99863
     -30.65850      38.99939     -38.99863
     -30.48850      38.99939     -38.99863
     -30.31750      38.99939     -38.99863
     -30.14750      38.99939     -38.99863
     -29.97650      38.99939     -38.99863
     -29.80650      38.99939     -38.99863
     -29.63550      38.99939     -38.99863
     -29.46550      38.99939     -38.99863
     -29.29450      38.99939     -38.99863
     -29.12450      38.99939     -38.99863
     -28.95450      38.99939     -38.99863
     -28.78350      38.99939     -38.99863
     -28.61350      38.99939     -38.99863
     -28.44250      38.99939     -38.99863
     -28.27250      38.99939     -38.99863
     -28.10150      38.99939     -38.99863
     -27.93150      38.99939     -38.99863
     -27.76150      38.99939     -38.99863
     -27.59050      38.99939     -38.99863
     -27.42050      38.99939     -38.99863
     -27.24950      38.99939     -38.99863
     -27.07950      38.99939     -38.99863
     -26.90850      38.99939     -38.99863
     -26.73850      38.99939     -38.99863
     -26.56750      38.99939     -38.99863
     -26.39750      38.99939     -38.99863
     -26.22750      38.99939     -38.99863
     -26.05650      38.99939     -38.99863
     -25.88650      38.99939     -38.99863
     -25.71550      38.99939     -38.99863
     -25.54550      38.99939     -38.99863
     -25.37450      38.99939     -38.99863
     -25.20450      38.99939     -38.99863
     -25.03450      38.99939     -38.99863
     -24.86350      38.99939     -38.99863
     -24.69350      38.99939     -38.99863
     -24.52250      38.99939     -38.99863
     -24.35250      38.99939     -38.99863
     -24.18150      38.99939     -38.99863
     -24.01150      38.99939     -38.99863
     -23.84050      38.99939     -38.99863
     -23.67050      38.99939     -38.99863
     -23.50050      38.99939     -38.99863
     -23.32950      38.99939     -38.99863
     -23.15950      38.99939     -38.99863
     -22.98850      38.99939     -38.99863
     -22.81850      38.99939     -38.99863
     -22.64750      38.99939     -38.99863
     -22.47750      38.99939     -38.99863
     -22.30750      38.99939     -38.99863
     -22.13650      38.99939     -38.99863
     -21.96650      38.99939     -38.99863
     -21.79550      38.99939     -38.99863
     -21.62550      38.99939     -38.99863
     -21.45450      38.99939     -38.99863
     -21.28450      38.99939     -38.99863
     -21.11350      38.99939     -38.99863
     -20.94350      38.99939     -38.99863
     -20.77350      38.99939     -38.99863
     -20.60250      38.99939     -38.99863
     -20.43250      38.99939     -38.99863
     -20.26150      38.99939     -38.99863
     -20.09150      38.99939     -38.99863
     -19.92050      38.99939     -38.99863
     -19.75050      38.99939     -38.99863
     -19.58050      38.99939     -38.99863
     -19.40950      38.99939     -38.99863
     -19.23950      38.99939     -38.99863
     -19.06850      38.99939     -38.99863
     -18.89850      38.99939     -38.99863
     -18.72750      38.99939     -38.99863
     -18.55750      38.99939     -38.99863
     -18.38650      38.99939     -38.99863
     -18.21650      38.99939     -38.99863
     -18.04650      38.99939     -38.99863
     -17.87550      38.99939     -38.99863
     -17.70550      38.99939     -38.99863
     -17.53450      38.99939     -38.99863
     -17.36450      38.99939     -38.99863
     -17.19350      38.99939     -38.99863
     -17.02350      38.99939     -38.99863
     -16.85350      38.99938     -38.99861
     -16.68250      38.97033     -38.96444
     -16.51250      39.83353     -39.94267
     -16.34150      42.42929     -42.53757
     -16.17150      44.06691     -44.05933
     -16.00050      44.00092     -43.99851
     -15.83050      44.00082     -43.99844
     -15.65950      44.00082     -43.99844
     -15.48950      44.00082     -43.99844
     -15.31950      44.00082     -43.99844
     -15.14850      44.00082     -43.99844
     -14.97850      44.00082     -43.99844
     -14.80750      44.00082     -43.99844
     -14.63750      44.00082     -43.99844
     -14.46650      44.00082     -43.99844
     -14.29650      44.00082     -43.99844
     -14.12650      44.00082     -43.99844
     -13.95550      44.00082     -43.99844
     -13.78550      44.00082     -43.99844
     -13.61450      44.00082     -43.99844
     -13.44450      44.00082     -43.99844
     -13.27350      44.00082     -43.99844
     -13.10350      44.00082     -43.99844
     -12.93250      44.00082     -43.99844
     -12.76250      44.00082     -43.99844
     -12.59250      44.00082     -43.99844
     -12.42150      44.00082     -43.99844
     -12.25150      44.00082     -43.99844
     -12.08050      44.00082     -43.99844
     -11.91050      44.00082     -43.99844
     -11.73950      44.00082     -43.99844
     -11.56950      44.00082     -43.99844
     -11.39950      44.00082     -43.99844
     -11.22850      44.00082     -43.99844
     -11.05850      44.00082     -43.99844
     -10.88750      44.00082     -43.99844
     -10.71750      44.00082     -43.99844
     -10.54650      44.00082     -43.99844
     -10.37650      44.00082     -43.99844
     -10.20650      44.00082     -43.99844
     -10.03550      44.00082     -43.99844
      -9.86550      44.00082     -43.99844
      -9.69450      44.00082     -43.99844
      -9.52450      44.00082     -43.99844
      -9.35350      44.00082     -43.99844
      -9.18350      44.00081     -43.99844
      -9.01250      43.99453     -43.99077
      -8.84250      44.17173     -44.20135
      -8.67250      44.69088     -44.72042
      -8.50150      45.01371     -45.00983
      -8.33150      45.00065     -44.99840
      -8.16050      45.00395     -44.99731
      -7.99050      45.10949     -45.01817
      -7.81950      45.37724     -45.19161
      -7.64950      45.60368     -45.45681
      -7.47950      45.88994     -45.66901
      -7.30850      46.21615     -46.01133
      -7.13850      46.38240     -46.28233
      -6.96750      46.75351     -46.41844
      -6.79750      47.46244     -46.86285
      -6.62650      48.07465     -47.53804
      -6.45650      48.56517     -48.08420
      -6.28550      49.03890     -48.58145
      -6.11550      49.61941     -49.04658
      -5.94550      50.50244     -49.56138
      -5.77450      51.34133     -50.38536
      -5.60450      52.20528     -51.12821
      -5.43350      53.28917     -51.80808
      -5.26350      54.54794     -52.59516
      -5.09250      56.20535     -53.56461
      -4.92250      58.58125     -54.83215
      -4.75250      61.84938     -56.14434
      -4.58150      66.73751     -57.30357
      -4.41150      72.62185     -58.57861
      -4.24050      79.35071     -60.34588
      -4.07050      88.17509     -62.79420
      -3.89950      96.99521     -65.83395
      -3.72950     104.54132     -69.57590
      -3.55850     113.97160     -73.14485
      -3.38850     126.59673     -76.66864
      -3.21850     139.25424     -81.29004
      -3.04750     150.72040     -86.53354
      -2.87750     162.41494     -92.26448
      -2.70650     173.98677     -98.06531
      -2.53650     185.49894    -103.80989
      -2.36550     197.13127    -110.70407
      -2.19550     207.75803    -119.24638
      -2.02550     216.52787    -128.02730
      -1.85450     224.58273    -136.50570
      -1.68450     233.32274    -145.28491
      -1.51350     243.77480    -154.99045
      -1.34350     257.06378    -165.70924
      -1.17250     272.45766    -176.67516
      -1.00250     287.04452    -187.09143
      -0.83150     298.49363    -195.86638
      -0.66150     307.38959    -202.95912
      -0.49150     314.79849    -209.13150
      -0.32050     321.40038    -214.49345
      -0.15050     327.65883    -219.40545
       0.02050     333.04293    -224.92420
       0.19050     337.64729    -231.94451
       0.36150     342.78001    -240.50727
       0.53150     348.68906    -249.78842
       0.70150     354.74128    -260.23792
       0.87250     360.84719    -272.21198
       1.04250     366.42815    -284.64963
       1.21350     368.93963    -298.37834
       1.38350     369.00261    -313.88385
       1.55450     368.99819    -330.24241
       1.72450     368.99819    -345.17781
       1.89550     368.99819    -356.71896
       2.06550     368.99819    -364.71416
       2.23550     368.99819    -368.40200
       2.40650     368.99819    -369.02271
       2.57650     368.99819    -368.99785
       2.74750     368.99819    -368.99780
       2.91750     368.99819    -368.99780
       3.08850     368.99819    -368.99780
       3.25850     368.99819    -368.99780
       3.42850     368.99819    -368.99780
       3.59950     368.99819    -368.99780
       3.76950     368.99819    -368.99780
       3.94050     368.99819    -368.99780
       4.11050     368.99819    -368.99780
       4.28150     368.99819    -368.99780
       4.45150     368.99819    -368.99780
