      #Energy        TDOS-UP        TDOS-DOWN
     -46.67950       0.00000       0.00000
     -46.50950       0.00000       0.00000
     -46.33850       0.00000       0.00000
     -46.16850       0.00000       0.00000
     -45.99750       0.00000       0.00000
     -45.82750       0.00000       0.00000
     -45.65650       0.00000       0.00000
     -45.48650       0.00000       0.00000
     -45.31650       0.00000       0.00000
     -45.14550       0.00000       0.00000
     -44.97550       0.00000       0.00000
     -44.80450       0.00000       0.00000
     -44.63450      -0.00000       0.00186
     -44.46350      -0.00000       0.59850
     -44.29350      -0.00000     -15.97000
     -44.12250      -0.00008     -61.65000
     -43.95250      -0.28990     -41.22000
     -43.78250       8.09800     -23.53000
     -43.61150      44.95000     -16.39000
     -43.44150      -0.11680      -0.27620
     -43.27050       4.97700       0.02245
     -43.10050      12.56000       0.00000
     -42.92950       6.63700       0.00001
     -42.75950      65.43000       0.05423
     -42.58950      53.06000      -1.46200
     -42.41850      -1.67700     -12.41000
     -42.24850      -0.01224      -3.92700
     -42.07750      -0.00000       0.14420
     -41.90750      -0.00000       0.00007
     -41.73650      -0.00000       0.00032
     -41.56650      -0.01107       0.31100
     -41.39550      -0.07140      -7.93100
     -41.22550      14.42000      -4.03700
     -41.05550      18.16000      -5.04200
     -40.88450       2.83700     -13.03000
     -40.71450      -0.13060     -13.11000
     -40.54350      -0.00008      -9.98700
     -40.37350      -0.00000       0.01581
     -40.20250       0.00000       0.00839
     -40.03250       0.00000       0.00000
     -39.86250       0.00000       0.00000
     -39.69150       0.00000       0.00000
     -39.52150       0.00000       0.00000
     -39.35050       0.00000       0.00000
     -39.18050       0.00000       0.00000
     -39.00950       0.00000       0.00000
     -38.83950       0.00000       0.00000
     -38.66950       0.00000       0.00000
     -38.49850       0.00000       0.00000
     -38.32850       0.00000       0.00000
     -38.15750       0.00000       0.00000
     -37.98750       0.00000       0.00000
     -37.81650       0.00000       0.00000
     -37.64650       0.00000       0.00000
     -37.47550       0.00000       0.00000
     -37.30550       0.00000       0.00000
     -37.13550       0.00000       0.00000
     -36.96450       0.00000       0.00000
     -36.79450       0.00000       0.00000
     -36.62350       0.00000       0.00000
     -36.45350       0.00000       0.00000
     -36.28250       0.00000       0.00000
     -36.11250       0.00000       0.00000
     -35.94250       0.00000       0.00000
     -35.77150       0.00000       0.00000
     -35.60150       0.00000       0.00000
     -35.43050       0.00000       0.00000
     -35.26050       0.00000       0.00000
     -35.08950       0.00000       0.00000
     -34.91950       0.00000       0.00000
     -34.74850       0.00000       0.00000
     -34.57850       0.00000       0.00000
     -34.40850       0.00000       0.00000
     -34.23750       0.00000       0.00000
     -34.06750       0.00000       0.00000
     -33.89650       0.00000       0.00000
     -33.72650       0.00000       0.00000
     -33.55550       0.00000       0.00000
     -33.38550       0.00000       0.00000
     -33.21550       0.00000       0.00000
     -33.04450       0.00000       0.00000
     -32.87450       0.00000       0.00000
     -32.70350       0.00000       0.00000
     -32.53350       0.00000       0.00000
     -32.36250       0.00000       0.00000
     -32.19250       0.00000       0.00000
     -32.02150       0.00000       0.00000
     -31.85150       0.00000       0.00000
     -31.68150       0.00000       0.00000
     -31.51050       0.00000       0.00000
     -31.34050       0.00000       0.00000
     -31.16950       0.00000       0.00000
     -30.99950       0.00000       0.00000
     -30.82850       0.00000       0.00000
     -30.65850       0.00000       0.00000
     -30.48850       0.00000       0.00000
     -30.31750       0.00000       0.00000
     -30.14750       0.00000       0.00000
     -29.97650       0.00000       0.00000
     -29.80650       0.00000       0.00000
     -29.63550       0.00000       0.00000
     -29.46550       0.00000       0.00000
     -29.29450       0.00000       0.00000
     -29.12450       0.00000       0.00000
     -28.95450       0.00000       0.00000
     -28.78350       0.00000       0.00000
     -28.61350       0.00000       0.00000
     -28.44250       0.00000       0.00000
     -28.27250       0.00000       0.00000
     -28.10150       0.00000       0.00000
     -27.93150       0.00000       0.00000
     -27.76150       0.00000       0.00000
     -27.59050       0.00000       0.00000
     -27.42050       0.00000       0.00000
     -27.24950       0.00000       0.00000
     -27.07950       0.00000       0.00000
     -26.90850       0.00000       0.00000
     -26.73850       0.00000       0.00000
     -26.56750       0.00000       0.00000
     -26.39750       0.00000       0.00000
     -26.22750       0.00000       0.00000
     -26.05650       0.00000       0.00000
     -25.88650       0.00000       0.00000
     -25.71550       0.00000       0.00000
     -25.54550       0.00000       0.00000
     -25.37450       0.00000       0.00000
     -25.20450       0.00000       0.00000
     -25.03450       0.00000       0.00000
     -24.86350       0.00000       0.00000
     -24.69350       0.00000       0.00000
     -24.52250       0.00000       0.00000
     -24.35250       0.00000       0.00000
     -24.18150       0.00000       0.00000
     -24.01150       0.00000       0.00000
     -23.84050       0.00000       0.00000
     -23.67050       0.00000       0.00000
     -23.50050       0.00000       0.00000
     -23.32950       0.00000       0.00000
     -23.15950       0.00000       0.00000
     -22.98850       0.00000       0.00000
     -22.81850       0.00000       0.00000
     -22.64750       0.00000       0.00000
     -22.47750       0.00000       0.00000
     -22.30750       0.00000       0.00000
     -22.13650       0.00000       0.00000
     -21.96650       0.00000       0.00000
     -21.79550       0.00000       0.00000
     -21.62550       0.00000       0.00000
     -21.45450       0.00000       0.00000
     -21.28450       0.00000       0.00000
     -21.11350       0.00000       0.00000
     -20.94350       0.00000       0.00000
     -20.77350       0.00000       0.00000
     -20.60250       0.00000       0.00000
     -20.43250       0.00000       0.00000
     -20.26150       0.00000       0.00000
     -20.09150       0.00000       0.00000
     -19.92050       0.00000       0.00000
     -19.75050       0.00000       0.00000
     -19.58050       0.00000       0.00000
     -19.40950       0.00000       0.00000
     -19.23950       0.00000       0.00000
     -19.06850       0.00000       0.00000
     -18.89850       0.00000       0.00000
     -18.72750       0.00000       0.00000
     -18.55750       0.00000       0.00000
     -18.38650       0.00000       0.00000
     -18.21650       0.00000       0.00000
     -18.04650       0.00000       0.00000
     -17.87550       0.00000       0.00000
     -17.70550       0.00000       0.00000
     -17.53450       0.00000       0.00000
     -17.36450      -0.00000       0.00000
     -17.19350      -0.00000       0.00000
     -17.02350      -0.00000       0.00000
     -16.85350      -0.00009       0.00016
     -16.68250      -0.34080       0.40090
     -16.51250      10.47000     -11.88000
     -16.34150      19.99000     -18.57000
     -16.17150      -0.77320       0.71290
     -16.00050      -0.00121       0.00081
     -15.83050      -0.00000       0.00000
     -15.65950       0.00000       0.00000
     -15.48950       0.00000       0.00000
     -15.31950       0.00000       0.00000
     -15.14850       0.00000       0.00000
     -14.97850       0.00000       0.00000
     -14.80750       0.00000       0.00000
     -14.63750       0.00000       0.00000
     -14.46650       0.00000       0.00000
     -14.29650       0.00000       0.00000
     -14.12650       0.00000       0.00000
     -13.95550       0.00000       0.00000
     -13.78550       0.00000       0.00000
     -13.61450       0.00000       0.00000
     -13.44450       0.00000       0.00000
     -13.27350       0.00000       0.00000
     -13.10350       0.00000       0.00000
     -12.93250       0.00000       0.00000
     -12.76250       0.00000       0.00000
     -12.59250       0.00000       0.00000
     -12.42150       0.00000       0.00000
     -12.25150       0.00000       0.00000
     -12.08050       0.00000       0.00000
     -11.91050       0.00000       0.00000
     -11.73950       0.00000       0.00000
     -11.56950       0.00000       0.00000
     -11.39950       0.00000       0.00000
     -11.22850       0.00000       0.00000
     -11.05850       0.00000       0.00000
     -10.88750       0.00000       0.00000
     -10.71750       0.00000       0.00000
     -10.54650       0.00000       0.00000
     -10.37650       0.00000       0.00000
     -10.20650       0.00000       0.00000
     -10.03550       0.00000       0.00000
      -9.86550       0.00000       0.00000
      -9.69450      -0.00000       0.00000
      -9.52450      -0.00000       0.00000
      -9.35350      -0.00000       0.00000
      -9.18350      -0.00004       0.00006
      -9.01250      -0.07366       0.08991
      -8.84250       2.15300      -2.56100
      -8.67250       3.93900      -3.53000
      -8.50150      -0.15070       0.13390
      -8.33150      -0.00261       0.00020
      -8.16050       0.04138       0.01257
      -7.99050       1.19700      -0.25730
      -7.81950       1.94500      -1.77800
      -7.64950       0.71210      -1.33400
      -7.47950       2.64700      -1.15600
      -7.30850       1.18100      -2.86100
      -7.13850       0.76980      -0.31910
      -6.96750       3.58500      -1.27800
      -6.79750       4.73400      -3.93700
      -6.62650       2.45000      -3.98600
      -6.45650       3.30600      -2.42300
      -6.28550       2.25300      -3.41200
      -6.11550       4.55900      -2.04600
      -5.94550       5.80300      -3.99500
      -5.77450       4.04100      -5.67400
      -5.60450       6.09700      -3.04300
      -5.43350       6.62200      -4.93500
      -5.26350       8.14900      -4.30100
      -5.09250      11.30000      -7.07500
      -4.92250      16.58000      -7.79900
      -4.75250      21.77000      -7.59900
      -4.58150      35.59000      -6.00400
      -4.41150      33.46000      -8.95800
      -4.24050      45.50000     -11.78000
      -4.07050      58.05000     -16.95000
      -3.89950      45.45000     -18.72000
      -3.72950      43.10000     -25.19000
      -3.55850      67.56000     -16.69000
      -3.38850      80.59000     -24.66000
      -3.21850      67.94000     -29.57000
      -3.04750      66.61000     -31.96000
      -2.87750      70.62000     -35.29000
      -2.70650      65.17000     -32.78000
      -2.53650      69.92000     -34.63000
      -2.36550      66.58000     -46.27000
      -2.19550      58.12000     -53.97000
      -2.02550      44.79000     -49.07000
      -1.85450      49.73000     -50.42000
      -1.68450      52.83000     -52.60000
      -1.51350      69.82000     -61.29000
      -1.34350      86.12000     -64.49000
      -1.17250      94.52000     -64.19000
      -1.00250      76.65000     -58.04000
      -0.83150      57.70000     -44.93000
      -0.66150      46.69000     -38.30000
      -0.49150      40.25000     -34.13000
      -0.32050      37.22000     -28.79000
      -0.15050      36.22000     -28.85000
       0.02050      26.96000     -35.91000
       0.19050      27.07000     -46.47000
       0.36150      33.16000     -54.01000
       0.53150      36.18000     -54.90000
       0.70150      34.84000     -67.72000
       0.87250      36.81000     -72.79000
       1.04250      28.68000     -73.16000
       1.21350       0.79100     -87.94000
       1.38350      -0.05193     -94.01000
       1.55450      -0.00001     -97.95000
       1.72450      -0.00000     -77.31000
       1.89550       0.00000     -58.12000
       2.06550       0.00000     -35.70000
       2.23550       0.00000      -7.57500
       2.40650       0.00000       0.29120
       2.57650       0.00000       0.00056
       2.74750       0.00000       0.00000
       2.91750       0.00000       0.00000
       3.08850       0.00000       0.00000
       3.25850       0.00000       0.00000
       3.42850       0.00000       0.00000
       3.59950       0.00000       0.00000
       3.76950       0.00000       0.00000
       3.94050       0.00000       0.00000
       4.11050       0.00000       0.00000
       4.28150       0.00000       0.00000
       4.45150       0.00000       0.00000
