      #Energy        TDOS-UP        TDOS-DOWN
     -46.64255       0.00000       0.00000
     -46.47255       0.00000       0.00000
     -46.30155       0.00000       0.00000
     -46.13155       0.00000       0.00000
     -45.96155       0.00000       0.00000
     -45.79155       0.00000       0.00000
     -45.62155       0.00000       0.00000
     -45.45155       0.00000       0.00000
     -45.28055       0.00000       0.00000
     -45.11055       0.00000       0.00000
     -44.94055       0.00000       0.00000
     -44.77055       0.00000       0.00000
     -44.60055      -0.00000       0.00016
     -44.42955      -0.00000       0.05452
     -44.25955      -0.00000      -1.30727
     -44.08955      -0.00006     -10.05510
     -43.91955      -0.06141     -20.59250
     -43.74955       1.51369     -25.61569
     -43.57855       6.17183     -28.53447
     -43.40855       9.07333     -29.82546
     -43.23855       9.59633     -30.00787
     -43.06855      11.09052     -30.00043
     -42.89855      13.29195     -30.00026
     -42.72755      21.39901     -29.98147
     -42.55755      30.67358     -30.54839
     -42.38755      33.09592     -32.05381
     -42.21755      33.00019     -32.98782
     -42.04755      33.00011     -33.00078
     -41.87755      33.00011     -32.99962
     -41.70655      32.99735     -32.99948
     -41.53655      33.05639     -32.96422
     -41.36655      34.36315     -33.82090
     -41.19655      38.09119     -34.85328
     -41.02655      41.32073     -35.53856
     -40.85555      42.03405     -37.34862
     -40.68555      42.00085     -39.66578
     -40.51555      42.00080     -41.37407
     -40.34555      42.00080     -42.01616
     -40.17555      42.00080     -42.00144
     -40.00455      42.00080     -42.00115
     -39.83455      42.00080     -42.00115
     -39.66455      42.00080     -42.00115
     -39.49455      42.00080     -42.00115
     -39.32455      42.00080     -42.00115
     -39.15355      42.00080     -42.00115
     -38.98355      42.00080     -42.00115
     -38.81355      42.00080     -42.00115
     -38.64355      42.00080     -42.00115
     -38.47355      42.00080     -42.00115
     -38.30255      42.00080     -42.00115
     -38.13255      42.00080     -42.00115
     -37.96255      42.00080     -42.00115
     -37.79255      42.00080     -42.00115
     -37.62255      42.00080     -42.00115
     -37.45255      42.00080     -42.00115
     -37.28155      42.00080     -42.00115
     -37.11155      42.00080     -42.00115
     -36.94155      42.00080     -42.00115
     -36.77155      42.00080     -42.00115
     -36.60155      42.00080     -42.00115
     -36.43055      42.00080     -42.00115
     -36.26055      42.00080     -42.00115
     -36.09055      42.00080     -42.00115
     -35.92055      42.00080     -42.00115
     -35.75055      42.00080     -42.00115
     -35.57955      42.00080     -42.00115
     -35.40955      42.00080     -42.00115
     -35.23955      42.00080     -42.00115
     -35.06955      42.00080     -42.00115
     -34.89955      42.00080     -42.00115
     -34.72855      42.00080     -42.00115
     -34.55855      42.00080     -42.00115
     -34.38855      42.00080     -42.00115
     -34.21855      42.00080     -42.00115
     -34.04855      42.00080     -42.00115
     -33.87855      42.00080     -42.00115
     -33.70755      42.00080     -42.00115
     -33.53755      42.00080     -42.00115
     -33.36755      42.00080     -42.00115
     -33.19755      42.00080     -42.00115
     -33.02755      42.00080     -42.00115
     -32.85655      42.00080     -42.00115
     -32.68655      42.00080     -42.00115
     -32.51655      42.00080     -42.00115
     -32.34655      42.00080     -42.00115
     -32.17655      42.00080     -42.00115
     -32.00555      42.00080     -42.00115
     -31.83555      42.00080     -42.00115
     -31.66555      42.00080     -42.00115
     -31.49555      42.00080     -42.00115
     -31.32555      42.00080     -42.00115
     -31.15455      42.00080     -42.00115
     -30.98455      42.00080     -42.00115
     -30.81455      42.00080     -42.00115
     -30.64455      42.00080     -42.00115
     -30.47455      42.00080     -42.00115
     -30.30455      42.00080     -42.00115
     -30.13355      42.00080     -42.00115
     -29.96355      42.00080     -42.00115
     -29.79355      42.00080     -42.00115
     -29.62355      42.00080     -42.00115
     -29.45355      42.00080     -42.00115
     -29.28255      42.00080     -42.00115
     -29.11255      42.00080     -42.00115
     -28.94255      42.00080     -42.00115
     -28.77255      42.00080     -42.00115
     -28.60255      42.00080     -42.00115
     -28.43155      42.00080     -42.00115
     -28.26155      42.00080     -42.00115
     -28.09155      42.00080     -42.00115
     -27.92155      42.00080     -42.00115
     -27.75155      42.00080     -42.00115
     -27.58055      42.00080     -42.00115
     -27.41055      42.00080     -42.00115
     -27.24055      42.00080     -42.00115
     -27.07055      42.00080     -42.00115
     -26.90055      42.00080     -42.00115
     -26.72955      42.00080     -42.00115
     -26.55955      42.00080     -42.00115
     -26.38955      42.00080     -42.00115
     -26.21955      42.00080     -42.00115
     -26.04955      42.00080     -42.00115
     -25.87955      42.00080     -42.00115
     -25.70855      42.00080     -42.00115
     -25.53855      42.00080     -42.00115
     -25.36855      42.00080     -42.00115
     -25.19855      42.00080     -42.00115
     -25.02855      42.00080     -42.00115
     -24.85755      42.00080     -42.00115
     -24.68755      42.00080     -42.00115
     -24.51755      42.00080     -42.00115
     -24.34755      42.00080     -42.00115
     -24.17755      42.00080     -42.00115
     -24.00655      42.00080     -42.00115
     -23.83655      42.00080     -42.00115
     -23.66655      42.00080     -42.00115
     -23.49655      42.00080     -42.00115
     -23.32655      42.00080     -42.00115
     -23.15555      42.00080     -42.00115
     -22.98555      42.00080     -42.00115
     -22.81555      42.00080     -42.00115
     -22.64555      42.00080     -42.00115
     -22.47555      42.00080     -42.00115
     -22.30555      42.00080     -42.00115
     -22.13455      42.00080     -42.00115
     -21.96455      42.00080     -42.00115
     -21.79455      42.00080     -42.00115
     -21.62455      42.00080     -42.00115
     -21.45455      42.00080     -42.00115
     -21.28355      42.00080     -42.00115
     -21.11355      42.00080     -42.00115
     -20.94355      42.00080     -42.00115
     -20.77355      42.00080     -42.00115
     -20.60355      42.00080     -42.00115
     -20.43255      42.00080     -42.00115
     -20.26255      42.00080     -42.00115
     -20.09255      42.00080     -42.00115
     -19.92255      42.00080     -42.00115
     -19.75255      42.00080     -42.00115
     -19.58155      42.00080     -42.00115
     -19.41155      42.00080     -42.00115
     -19.24155      42.00080     -42.00115
     -19.07155      42.00080     -42.00115
     -18.90155      42.00080     -42.00115
     -18.73055      42.00080     -42.00115
     -18.56055      42.00080     -42.00115
     -18.39055      42.00080     -42.00115
     -18.22055      42.00080     -42.00115
     -18.05055      42.00080     -42.00115
     -17.88055      42.00080     -42.00115
     -17.70955      42.00080     -42.00115
     -17.53955      42.00080     -42.00115
     -17.36955      42.00080     -42.00115
     -17.19955      42.00080     -42.00115
     -17.02955      42.00080     -42.00115
     -16.85855      42.00080     -42.00115
     -16.68855      42.00079     -42.00114
     -16.51855      41.98248     -41.98486
     -16.34855      42.51092     -42.45133
     -16.17855      45.09229     -45.01126
     -16.00755      47.06406     -47.04583
     -15.83755      47.00062     -47.00221
     -15.66755      47.00004     -47.00119
     -15.49755      47.00004     -47.00119
     -15.32755      47.00004     -47.00119
     -15.15655      47.00004     -47.00119
     -14.98655      47.00004     -47.00119
     -14.81655      47.00004     -47.00119
     -14.64655      47.00004     -47.00119
     -14.47655      47.00004     -47.00119
     -14.30655      47.00004     -47.00119
     -14.13555      47.00004     -47.00119
     -13.96555      47.00004     -47.00119
     -13.79555      47.00004     -47.00119
     -13.62555      47.00004     -47.00119
     -13.45555      47.00004     -47.00119
     -13.28455      47.00004     -47.00119
     -13.11455      47.00004     -47.00119
     -12.94455      47.00004     -47.00119
     -12.77455      47.00004     -47.00119
     -12.60455      47.00004     -47.00119
     -12.43355      47.00004     -47.00119
     -12.26355      47.00004     -47.00119
     -12.09355      47.00004     -47.00119
     -11.92355      47.00004     -47.00119
     -11.75355      47.00004     -47.00119
     -11.58255      47.00004     -47.00119
     -11.41255      47.00004     -47.00119
     -11.24255      47.00004     -47.00119
     -11.07255      47.00004     -47.00119
     -10.90255      47.00004     -47.00119
     -10.73255      47.00004     -47.00119
     -10.56155      47.00004     -47.00119
     -10.39155      47.00004     -47.00119
     -10.22155      47.00004     -47.00119
     -10.05155      47.00004     -47.00119
      -9.88155      47.00004     -47.00119
      -9.71055      47.00004     -47.00119
      -9.54055      47.00004     -47.00119
      -9.37055      47.00004     -47.00119
      -9.20055      47.00004     -47.00119
      -9.03055      47.00004     -47.00119
      -8.85955      47.00004     -47.00119
      -8.68955      47.00003     -47.00115
      -8.51955      46.99170     -46.98705
      -8.34955      47.22089     -47.34698
      -8.17955      47.74244     -47.86436
      -8.00855      48.13609     -48.03729
      -7.83855      48.40125     -48.23370
      -7.66855      48.61100     -48.48553
      -7.49855      48.91571     -48.69047
      -7.32855      49.23854     -49.05502
      -7.15755      49.40753     -49.30363
      -6.98755      49.84968     -49.46017
      -6.81755      50.54100     -49.98504
      -6.64755      51.10867     -50.65270
      -6.47755      51.64588     -51.15026
      -6.30755      52.09476     -51.71538
      -6.13655      52.59648     -52.14604
      -5.96655      53.51237     -52.56513
      -5.79655      54.40451     -53.47590
      -5.62655      55.25436     -54.21811
      -5.45655      56.31584     -54.92968
      -5.28555      57.57526     -55.69809
      -5.11555      59.16017     -56.65431
      -4.94555      61.45435     -58.00052
      -4.77555      64.61735     -59.26045
      -4.60555      69.24996     -60.43281
      -4.43455      75.04157     -61.66330
      -4.26455      81.57095     -63.37210
      -4.09455      90.11541     -65.88157
      -3.92455      99.17639     -68.95438
      -3.75455     107.09965     -72.59136
      -3.58355     116.39890     -76.02838
      -3.41355     128.73096     -79.75046
      -3.24355     141.49275     -84.85960
      -3.07355     152.98917     -90.42145
      -2.90355     164.45411     -95.94246
      -2.73355     175.88160    -101.58600
      -2.56255     187.35505    -107.54525
      -2.39255     199.12803    -114.63457
      -2.22255     209.98538    -123.13562
      -2.05255     218.95617    -131.97366
      -1.88255     227.03344    -140.71979
      -1.71155     235.59917    -149.63951
      -1.54155     245.80724    -159.44168
      -1.37155     258.76476    -170.15011
      -1.20155     273.94667    -181.32657
      -1.03155     288.74565    -192.12351
      -0.86055     300.61309    -201.39468
      -0.69055     309.76853    -209.07286
      -0.52055     317.38119    -215.62948
      -0.35055     324.12246    -221.05688
      -0.18055     330.71482    -226.06305
      -0.00955     336.55409    -231.51003
       0.16045     341.43177    -238.12111
       0.33045     346.64132    -246.63578
       0.50045     352.69247    -256.12394
       0.67045     358.97168    -266.35754
       0.84145     365.24323    -278.19945
       1.01145     371.63136    -290.73489
       1.18145     375.40127    -304.28297
       1.35145     376.02095    -319.77548
       1.52145     375.99538    -336.32063
       1.69145     375.99531    -351.68379
       1.86245     375.99531    -363.89417
       2.03245     375.99531    -372.19014
       2.20245     375.99531    -375.61107
       2.37245     375.99531    -376.02367
       2.54245     375.99531    -376.00558
       2.71345     375.99531    -376.00556
       2.88345     375.99531    -376.00556
       3.05345     375.99531    -376.00556
       3.22345     375.99531    -376.00556
       3.39345     375.99531    -376.00556
       3.56445     375.99531    -376.00556
       3.73445     375.99531    -376.00556
       3.90445     375.99531    -376.00556
       4.07445     375.99531    -376.00556
       4.24445     375.99531    -376.00556
       4.41545     375.99531    -376.00556
