      #Energy        TDOS-UP        TDOS-DOWN
     -46.64255       0.00000       0.00000
     -46.47255       0.00000       0.00000
     -46.30155       0.00000       0.00000
     -46.13155       0.00000       0.00000
     -45.96155       0.00000       0.00000
     -45.79155       0.00000       0.00000
     -45.62155       0.00000       0.00000
     -45.45155       0.00000       0.00000
     -45.28055       0.00000       0.00000
     -45.11055       0.00000       0.00000
     -44.94055       0.00000       0.00000
     -44.77055       0.00000       0.00000
     -44.60055      -0.00000       0.00191
     -44.42955      -0.00000       0.63690
     -44.25955      -0.00000     -16.64000
     -44.08955      -0.00075     -86.16000
     -43.91955      -0.72020     -37.67000
     -43.74955      19.23000     -21.36000
     -43.57855      35.51000     -12.94000
     -43.40855      -1.41300      -2.23100
     -43.23855       7.55900       0.08740
     -43.06855      10.00000       0.00003
     -42.89855      15.87000       0.00194
     -42.72755      79.40000       0.21890
     -42.55755      29.59000      -6.88100
     -42.38755      -1.12400     -10.81000
     -42.21755      -0.00096      -0.16590
     -42.04755      -0.00000       0.01359
     -41.87755      -0.00000       0.00000
     -41.70655      -0.03243       0.00167
     -41.53655       0.72630       0.41270
     -41.36655      14.63000     -10.48000
     -41.19655      29.18000      -1.65200
     -41.02655       8.77200      -6.40100
     -40.85555      -0.38950     -14.87000
     -40.68555      -0.00064     -12.36000
     -40.51555      -0.00000      -7.71500
     -40.34555       0.00000       0.16950
     -40.17555       0.00000       0.00347
     -40.00455       0.00000       0.00000
     -39.83455       0.00000       0.00000
     -39.66455       0.00000       0.00000
     -39.49455       0.00000       0.00000
     -39.32455       0.00000       0.00000
     -39.15355       0.00000       0.00000
     -38.98355       0.00000       0.00000
     -38.81355       0.00000       0.00000
     -38.64355       0.00000       0.00000
     -38.47355       0.00000       0.00000
     -38.30255       0.00000       0.00000
     -38.13255       0.00000       0.00000
     -37.96255       0.00000       0.00000
     -37.79255       0.00000       0.00000
     -37.62255       0.00000       0.00000
     -37.45255       0.00000       0.00000
     -37.28155       0.00000       0.00000
     -37.11155       0.00000       0.00000
     -36.94155       0.00000       0.00000
     -36.77155       0.00000       0.00000
     -36.60155       0.00000       0.00000
     -36.43055       0.00000       0.00000
     -36.26055       0.00000       0.00000
     -36.09055       0.00000       0.00000
     -35.92055       0.00000       0.00000
     -35.75055       0.00000       0.00000
     -35.57955       0.00000       0.00000
     -35.40955       0.00000       0.00000
     -35.23955       0.00000       0.00000
     -35.06955       0.00000       0.00000
     -34.89955       0.00000       0.00000
     -34.72855       0.00000       0.00000
     -34.55855       0.00000       0.00000
     -34.38855       0.00000       0.00000
     -34.21855       0.00000       0.00000
     -34.04855       0.00000       0.00000
     -33.87855       0.00000       0.00000
     -33.70755       0.00000       0.00000
     -33.53755       0.00000       0.00000
     -33.36755       0.00000       0.00000
     -33.19755       0.00000       0.00000
     -33.02755       0.00000       0.00000
     -32.85655       0.00000       0.00000
     -32.68655       0.00000       0.00000
     -32.51655       0.00000       0.00000
     -32.34655       0.00000       0.00000
     -32.17655       0.00000       0.00000
     -32.00555       0.00000       0.00000
     -31.83555       0.00000       0.00000
     -31.66555       0.00000       0.00000
     -31.49555       0.00000       0.00000
     -31.32555       0.00000       0.00000
     -31.15455       0.00000       0.00000
     -30.98455       0.00000       0.00000
     -30.81455       0.00000       0.00000
     -30.64455       0.00000       0.00000
     -30.47455       0.00000       0.00000
     -30.30455       0.00000       0.00000
     -30.13355       0.00000       0.00000
     -29.96355       0.00000       0.00000
     -29.79355       0.00000       0.00000
     -29.62355       0.00000       0.00000
     -29.45355       0.00000       0.00000
     -29.28255       0.00000       0.00000
     -29.11255       0.00000       0.00000
     -28.94255       0.00000       0.00000
     -28.77255       0.00000       0.00000
     -28.60255       0.00000       0.00000
     -28.43155       0.00000       0.00000
     -28.26155       0.00000       0.00000
     -28.09155       0.00000       0.00000
     -27.92155       0.00000       0.00000
     -27.75155       0.00000       0.00000
     -27.58055       0.00000       0.00000
     -27.41055       0.00000       0.00000
     -27.24055       0.00000       0.00000
     -27.07055       0.00000       0.00000
     -26.90055       0.00000       0.00000
     -26.72955       0.00000       0.00000
     -26.55955       0.00000       0.00000
     -26.38955       0.00000       0.00000
     -26.21955       0.00000       0.00000
     -26.04955       0.00000       0.00000
     -25.87955       0.00000       0.00000
     -25.70855       0.00000       0.00000
     -25.53855       0.00000       0.00000
     -25.36855       0.00000       0.00000
     -25.19855       0.00000       0.00000
     -25.02855       0.00000       0.00000
     -24.85755       0.00000       0.00000
     -24.68755       0.00000       0.00000
     -24.51755       0.00000       0.00000
     -24.34755       0.00000       0.00000
     -24.17755       0.00000       0.00000
     -24.00655       0.00000       0.00000
     -23.83655       0.00000       0.00000
     -23.66655       0.00000       0.00000
     -23.49655       0.00000       0.00000
     -23.32655       0.00000       0.00000
     -23.15555       0.00000       0.00000
     -22.98555       0.00000       0.00000
     -22.81555       0.00000       0.00000
     -22.64555       0.00000       0.00000
     -22.47555       0.00000       0.00000
     -22.30555       0.00000       0.00000
     -22.13455       0.00000       0.00000
     -21.96455       0.00000       0.00000
     -21.79455       0.00000       0.00000
     -21.62455       0.00000       0.00000
     -21.45455       0.00000       0.00000
     -21.28355       0.00000       0.00000
     -21.11355       0.00000       0.00000
     -20.94355       0.00000       0.00000
     -20.77355       0.00000       0.00000
     -20.60355       0.00000       0.00000
     -20.43255       0.00000       0.00000
     -20.26255       0.00000       0.00000
     -20.09255       0.00000       0.00000
     -19.92255       0.00000       0.00000
     -19.75255       0.00000       0.00000
     -19.58155       0.00000       0.00000
     -19.41155       0.00000       0.00000
     -19.24155       0.00000       0.00000
     -19.07155       0.00000       0.00000
     -18.90155       0.00000       0.00000
     -18.73055       0.00000       0.00000
     -18.56055       0.00000       0.00000
     -18.39055       0.00000       0.00000
     -18.22055       0.00000       0.00000
     -18.05055       0.00000       0.00000
     -17.88055       0.00000       0.00000
     -17.70955       0.00000       0.00000
     -17.53955       0.00000       0.00000
     -17.36955       0.00000       0.00000
     -17.19955      -0.00000       0.00000
     -17.02955      -0.00000       0.00000
     -16.85855      -0.00000       0.00000
     -16.68855      -0.00006       0.00004
     -16.51855      -0.21510       0.19130
     -16.34855       6.42500      -5.67300
     -16.17855      23.91000     -24.41000
     -16.00755      -0.73880       0.50080
     -15.83755      -0.00677       0.01188
     -15.66755      -0.00000       0.00000
     -15.49755      -0.00000       0.00000
     -15.32755       0.00000       0.00000
     -15.15655       0.00000       0.00000
     -14.98655       0.00000       0.00000
     -14.81655       0.00000       0.00000
     -14.64655       0.00000       0.00000
     -14.47655       0.00000       0.00000
     -14.30655       0.00000       0.00000
     -14.13555       0.00000       0.00000
     -13.96555       0.00000       0.00000
     -13.79555       0.00000       0.00000
     -13.62555       0.00000       0.00000
     -13.45555       0.00000       0.00000
     -13.28455       0.00000       0.00000
     -13.11455       0.00000       0.00000
     -12.94455       0.00000       0.00000
     -12.77455       0.00000       0.00000
     -12.60455       0.00000       0.00000
     -12.43355       0.00000       0.00000
     -12.26355       0.00000       0.00000
     -12.09355       0.00000       0.00000
     -11.92355       0.00000       0.00000
     -11.75355       0.00000       0.00000
     -11.58255       0.00000       0.00000
     -11.41255       0.00000       0.00000
     -11.24255       0.00000       0.00000
     -11.07255       0.00000       0.00000
     -10.90255       0.00000       0.00000
     -10.73255       0.00000       0.00000
     -10.56155       0.00000       0.00000
     -10.39155       0.00000       0.00000
     -10.22155       0.00000       0.00000
     -10.05155       0.00000       0.00000
      -9.88155       0.00000       0.00000
      -9.71055       0.00000       0.00000
      -9.54055       0.00000       0.00000
      -9.37055      -0.00000       0.00000
      -9.20055      -0.00000       0.00000
      -9.03055      -0.00000       0.00000
      -8.85955      -0.00000       0.00000
      -8.68955      -0.00014       0.00054
      -8.51955      -0.09770       0.16520
      -8.34955       2.79100      -4.39500
      -8.17955       3.33800      -1.68500
      -8.00855       1.28800      -0.34710
      -7.83855       1.82800      -1.96100
      -7.66855       0.63680      -0.99840
      -7.49855       2.94400      -1.41000
      -7.32855       0.84980      -2.87400
      -7.15755       1.13600      -0.04756
      -6.98755       4.06000      -1.79200
      -6.81755       4.06400      -4.37600
      -6.64755       2.60700      -3.47000
      -6.47755       3.70600      -2.37700
      -6.30755       1.56900      -4.26400
      -6.13655       4.32700      -0.79690
      -5.96655       6.43600      -4.12800
      -5.79655       4.04800      -6.57500
      -5.62655       5.93900      -2.14700
      -5.45655       6.53500      -6.21500
      -5.28555       8.26500      -2.81500
      -5.11555      10.36000      -8.42200
      -4.94555      16.60000      -7.39800
      -4.77555      20.57000      -7.40800
      -4.60555      33.87000      -6.36900
      -4.43455      34.19000      -8.09100
      -4.26455      42.54000     -11.99000
      -4.09455      57.87000     -17.50000
      -3.92455      48.61000     -18.61000
      -3.75455      44.50000     -24.13000
      -3.58355      64.78000     -16.26000
      -3.41355      80.14000     -27.48000
      -3.24355      69.83000     -32.56000
      -3.07355      65.27000     -32.80000
      -2.90355      69.46000     -32.08000
      -2.73355      64.83000     -34.24000
      -2.56255      70.00000     -35.79000
      -2.39255      68.35000     -47.52000
      -2.22255      59.24000     -52.38000
      -2.05255      46.18000     -51.48000
      -1.88255      48.74000     -51.30000
      -1.71155      51.92000     -53.52000
      -1.54155      68.04000     -61.67000
      -1.37155      84.23000     -64.17000
      -1.20155      94.18000     -67.17000
      -1.03155      79.73000     -59.71000
      -0.86055      59.73000     -49.24000
      -0.69055      47.86000     -40.99000
      -0.52055      41.60000     -36.06000
      -0.35055      37.62000     -27.72000
      -0.18055      39.85000     -31.11000
      -0.00955      28.77000     -32.90000
       0.16045      28.55000     -44.79000
       0.33045      32.67000     -55.27000
       0.50045      38.44000     -56.23000
       0.67045      35.35000     -64.03000
       0.84145      38.35000     -75.13000
       1.01145      36.72000     -72.18000
       1.18145       7.58200     -87.03000
       1.35145      -0.29980     -95.03000
       1.52145      -0.00075     -99.40000
       1.69145      -0.00000     -81.14000
       1.86245      -0.00000     -62.35000
       2.03245       0.00000     -35.14000
       2.20245       0.00000      -5.06100
       2.37245       0.00000       0.21230
       2.54245       0.00000       0.00028
       2.71345       0.00000       0.00000
       2.88345       0.00000       0.00000
       3.05345       0.00000       0.00000
       3.22345       0.00000       0.00000
       3.39345       0.00000       0.00000
       3.56445       0.00000       0.00000
       3.73445       0.00000       0.00000
       3.90445       0.00000       0.00000
       4.07445       0.00000       0.00000
       4.24445       0.00000       0.00000
       4.41545       0.00000       0.00000
