Automatically generated mesh
      10
Reciprocal lattice
    0.00000000000000    0.00000000000000    0.00000000000000             1
    0.25000000000000    0.00000000000000    0.00000000000000             2
    0.50000000000000    0.00000000000000    0.00000000000000             1
    0.00000000000000    0.25000000000000    0.00000000000000             2
    0.25000000000000    0.25000000000000    0.00000000000000             2
    0.50000000000000    0.25000000000000    0.00000000000000             2
   -0.25000000000000    0.25000000000000    0.00000000000000             2
    0.00000000000000    0.50000000000000    0.00000000000000             1
    0.25000000000000    0.50000000000000    0.00000000000000             2
    0.50000000000000    0.50000000000000    0.00000000000000             1
Tetrahedra
        48    0.01041666666667
         2         4         8         9         9
         2         4         7         9         9
         2         4         7         7         9
         2         4         8         8         9
         2         4         4         8         9
         2         4         4         7         9
         2         4         5         5         8
         2         5         5         8         9
         2         5         8         9         9
         2         4         4         5         8
         2         4         5         8         8
         2         5         8         8         9
         2         1         2         2         4
         2         2         2         4         5
         2         2         4         5         5
         2         1         1         2         4
         2         1         2         4         4
         2         2         4         4         5
         2         1         4         7         7
         2         1         2         7         7
         2         1         2         2         7
         2         1         4         4         7
         2         1         1         4         7
         2         1         1         2         7
         2         7         9        10        10
         2         6         7        10        10
         2         6         6         7        10
         2         7         9         9        10
         2         7         7         9        10
         2         6         7         7        10
         2         5         6         6         9
         2         6         6         9        10
         2         6         9        10        10
         2         5         5         6         9
         2         5         6         9         9
         2         6         9         9        10
         2         2         3         3         5
         2         3         3         5         6
         2         3         5         6         6
         2         2         2         3         5
         2         2         3         5         5
         2         3         5         5         6
         2         2         6         6         7
         2         2         3         6         6
         2         2         3         3         6
         2         2         6         7         7
         2         2         2         6         7
         2         2         2         3         6
